service_id,monday,tuesday,wednesday,thursday,friday,saturday,sunday,start_date,end_date
1,0,0,0,0,0,0,0,20220527,20220610
2,0,0,0,0,0,0,0,20220528,20220611
3,0,0,0,0,0,0,0,20220526,20220606
4,0,0,0,0,0,0,0,20220605,20220605
5,0,0,0,0,0,0,0,20220527,20220610
6,0,0,0,0,0,0,0,20220613,20220812
7,0,0,0,0,0,0,0,20220617,20220812
8,0,0,0,0,0,0,0,20220612,20220807
9,0,0,0,0,0,0,0,20220618,20220813
10,0,0,0,0,0,0,0,20220625,20220625
11,0,0,0,0,0,0,0,20220612,20220813
12,0,0,0,0,0,0,0,20220518,20220525
13,0,0,0,0,0,0,0,20220520,20220520
14,0,0,0,0,0,0,0,20220521,20220521
15,0,0,0,0,0,0,0,20220522,20220522
16,0,0,0,0,0,0,0,20220612,20220812
17,0,0,0,0,0,0,0,20220518,20220610
18,0,0,0,0,0,0,0,20220521,20220611
19,0,0,0,0,0,0,0,20220522,20220606
20,0,0,0,0,0,0,0,20220520,20220610
21,0,0,0,0,0,0,0,20220521,20220611
22,0,0,0,0,0,0,0,20220605,20220606
23,0,0,0,0,0,0,0,20220604,20220611
24,0,0,0,0,0,0,0,20220607,20220610
25,0,0,0,0,0,0,0,20220610,20220610
26,0,0,0,0,0,0,0,20220604,20220611
27,0,0,0,0,0,0,0,20220605,20220610
28,0,0,0,0,0,0,0,20220518,20220603
29,0,0,0,0,0,0,0,20220520,20220603
30,0,0,0,0,0,0,0,20220518,20220603
31,0,0,0,0,0,0,0,20220521,20220528
32,0,0,0,0,0,0,0,20220522,20220529
33,0,0,0,0,0,0,0,20220518,20220603
34,0,0,0,0,0,0,0,20220521,20220813
35,0,0,0,0,0,0,0,20220521,20220813
36,0,0,0,0,0,0,0,20220521,20220813
37,0,0,0,0,0,0,0,20220521,20220813
38,0,0,0,0,0,0,0,20220612,20220813
39,0,0,0,0,0,0,0,20220604,20220611
40,0,0,0,0,0,0,0,20220521,20220529
41,0,0,0,0,0,0,0,20220518,20220812
42,0,0,0,0,0,0,0,20220613,20220813
43,0,0,0,0,0,0,0,20220526,20220611
44,0,0,0,0,0,0,0,20220521,20220522
45,0,0,0,0,0,0,0,20220518,20220611
46,0,0,0,0,0,0,0,20220518,20220611
47,0,0,0,0,0,0,0,20220518,20220610
48,0,0,0,0,0,0,0,20220518,20220813
49,0,0,0,0,0,0,0,20220521,20220813
50,0,0,0,0,0,0,0,20220522,20220807
51,0,0,0,0,0,0,0,20220518,20220520
52,0,0,0,0,0,0,0,20220518,20220812
53,0,0,0,0,0,0,0,20220523,20220610
54,0,0,0,0,0,0,0,20220527,20220527
55,0,0,0,0,0,0,0,20220521,20220813
56,0,0,0,0,0,0,0,20220526,20220611
57,0,0,0,0,0,0,0,20220518,20220525
58,0,0,0,0,0,0,0,20220518,20220610
59,0,0,0,0,0,0,0,20220518,20220812
60,0,0,0,0,0,0,0,20220520,20220813
61,0,0,0,0,0,0,0,20220518,20220603
62,0,0,0,0,0,0,0,20220518,20220603
63,0,0,0,0,0,0,0,20220604,20220611
64,0,0,0,0,0,0,0,20220613,20220831
65,0,0,0,0,0,0,0,20220521,20220828
66,0,0,0,0,0,0,0,20220521,20220812
67,0,0,0,0,0,0,0,20220518,20220813
68,0,0,0,0,0,0,0,20220520,20220610
69,0,0,0,0,0,0,0,20220521,20220813
70,0,0,0,0,0,0,0,20220518,20220519
71,0,0,0,0,0,0,0,20220520,20220610
72,0,0,0,0,0,0,0,20220518,20220813
73,0,0,0,0,0,0,0,20220518,20220518
74,0,0,0,0,0,0,0,20220519,20220610
75,0,0,0,0,0,0,0,20220617,20220813
76,0,0,0,0,0,0,0,20220518,20220609
77,0,0,0,0,0,0,0,20220613,20220811
78,0,0,0,0,0,0,0,20220518,20220811
79,0,0,0,0,0,0,0,20220518,20220813
80,0,0,0,0,0,0,0,20220518,20220608
81,0,0,0,0,0,0,0,20220519,20220610
82,0,0,0,0,0,0,0,20220527,20220528
83,0,0,0,0,0,0,0,20220528,20220528
84,0,0,0,0,0,0,0,20220518,20220813
85,0,0,0,0,0,0,0,20220518,20220813
86,0,0,0,0,0,0,0,20220522,20220807
87,0,0,0,0,0,0,0,20220518,20220610
88,0,0,0,0,0,0,0,20220519,20220609
89,0,0,0,0,0,0,0,20220521,20220807
90,0,0,0,0,0,0,0,20220518,20220812
91,0,0,0,0,0,0,0,20220518,20220807
92,0,0,0,0,0,0,0,20220518,20220813
93,0,0,0,0,0,0,0,20220518,20220807
94,0,0,0,0,0,0,0,20220518,20220608
95,0,0,0,0,0,0,0,20220519,20220610
96,0,0,0,0,0,0,0,20220627,20220807
97,0,0,0,0,0,0,0,20220612,20220813
98,0,0,0,0,0,0,0,20220613,20220701
99,0,0,0,0,0,0,0,20220612,20220703
100,0,0,0,0,0,0,0,20220612,20220703
101,0,0,0,0,0,0,0,20220618,20220813
102,0,0,0,0,0,0,0,20220709,20220813
103,0,0,0,0,0,0,0,20220704,20220812
104,0,0,0,0,0,0,0,20220518,20220812
105,0,0,0,0,0,0,0,20220521,20220813
106,0,0,0,0,0,0,0,20220521,20220813
107,0,0,0,0,0,0,0,20220521,20220813
108,0,0,0,0,0,0,0,20220612,20220807
109,0,0,0,0,0,0,0,20220520,20220812
110,0,0,0,0,0,0,0,20220521,20220529
111,0,0,0,0,0,0,0,20220522,20220812
112,0,0,0,0,0,0,0,20220518,20220813
113,0,0,0,0,0,0,0,20220518,20220807
114,0,0,0,0,0,0,0,20220518,20220813
115,0,0,0,0,0,0,0,20220522,20220813
116,0,0,0,0,0,0,0,20220625,20220814
117,0,0,0,0,0,0,0,20220518,20220814
118,0,0,0,0,0,0,0,20220627,20220813
119,0,0,0,0,0,0,0,20220702,20220813
120,0,0,0,0,0,0,0,20220625,20220814
121,0,0,0,0,0,0,0,20220627,20220812
122,0,0,0,0,0,0,0,20220518,20220623
123,0,0,0,0,0,0,0,20220518,20220624
124,0,0,0,0,0,0,0,20220518,20220623
125,0,0,0,0,0,0,0,20220521,20220624
126,0,0,0,0,0,0,0,20220625,20220814
127,0,0,0,0,0,0,0,20220604,20220605
128,0,0,0,0,0,0,0,20220518,20221210
129,0,0,0,0,0,0,0,20220521,20221210
130,0,0,0,0,0,0,0,20220520,20221210
131,0,0,0,0,0,0,0,20220518,20221210
132,0,0,0,0,0,0,0,20221105,20221105
133,0,0,0,0,0,0,0,20220522,20221204
134,0,0,0,0,0,0,0,20220518,20221210
135,0,0,0,0,0,0,0,20220521,20221210
136,0,0,0,0,0,0,0,20220518,20221208
137,0,0,0,0,0,0,0,20220518,20221210
138,0,0,0,0,0,0,0,20220518,20221209
139,0,0,0,0,0,0,0,20220521,20221210
140,0,0,0,0,0,0,0,20220520,20221210
141,0,0,0,0,0,0,0,20220619,20220619
142,0,0,0,0,0,0,0,20220522,20220619
143,0,0,0,0,0,0,0,20220522,20220524
144,0,0,0,0,0,0,0,20220620,20220623
145,0,0,0,0,0,0,0,20220520,20221210
146,0,0,0,0,0,0,0,20220520,20221209
147,0,0,0,0,0,0,0,20220521,20221210
148,0,0,0,0,0,0,0,20220521,20221210
149,0,0,0,0,0,0,0,20220526,20221204
150,0,0,0,0,0,0,0,20220518,20220623
151,0,0,0,0,0,0,0,20220518,20220623
152,0,0,0,0,0,0,0,20220518,20220623
153,0,0,0,0,0,0,0,20220527,20220623
154,0,0,0,0,0,0,0,20220522,20220623
155,0,0,0,0,0,0,0,20220522,20220619
156,0,0,0,0,0,0,0,20220528,20220604
157,0,0,0,0,0,0,0,20220518,20220623
158,0,0,0,0,0,0,0,20220522,20220619
159,0,0,0,0,0,0,0,20220522,20220619
160,0,0,0,0,0,0,0,20220604,20220604
161,0,0,0,0,0,0,0,20220614,20220617
162,0,0,0,0,0,0,0,20220612,20220612
163,0,0,0,0,0,0,0,20220518,20221210
164,0,0,0,0,0,0,0,20220521,20221210
165,0,0,0,0,0,0,0,20220521,20221210
166,0,0,0,0,0,0,0,20220518,20221210
167,0,0,0,0,0,0,0,20220526,20221204
168,0,0,0,0,0,0,0,20220521,20221210
169,0,0,0,0,0,0,0,20220518,20221210
170,0,0,0,0,0,0,0,20220518,20221210
171,0,0,0,0,0,0,0,20220522,20221204
172,0,0,0,0,0,0,0,20220522,20221204
173,0,0,0,0,0,0,0,20220518,20221209
174,0,0,0,0,0,0,0,20220523,20220524
175,0,0,0,0,0,0,0,20220611,20220612
176,0,0,0,0,0,0,0,20220611,20220611
177,0,0,0,0,0,0,0,20220529,20220529
178,0,0,0,0,0,0,0,20220528,20220529
179,0,0,0,0,0,0,0,20220606,20220606
180,0,0,0,0,0,0,0,20220521,20220709
181,0,0,0,0,0,0,0,20220619,20220623
182,0,0,0,0,0,0,0,20220521,20221210
183,0,0,0,0,0,0,0,20220518,20221210
184,0,0,0,0,0,0,0,20220518,20221210
185,0,0,0,0,0,0,0,20220518,20221210
186,0,0,0,0,0,0,0,20220518,20221209
187,0,0,0,0,0,0,0,20220521,20221210
188,0,0,0,0,0,0,0,20220521,20221210
189,0,0,0,0,0,0,0,20220518,20221209
190,0,0,0,0,0,0,0,20220518,20221210
191,0,0,0,0,0,0,0,20220521,20221210
192,0,0,0,0,0,0,0,20220518,20221210
193,0,0,0,0,0,0,0,20220521,20221210
194,0,0,0,0,0,0,0,20220522,20220623
195,0,0,0,0,0,0,0,20220527,20220529
196,0,0,0,0,0,0,0,20220613,20220805
197,0,0,0,0,0,0,0,20220618,20220731
198,0,0,0,0,0,0,0,20220613,20220805
199,0,0,0,0,0,0,0,20220613,20220805
200,0,0,0,0,0,0,0,20220618,20220731
201,0,0,0,0,0,0,0,20220702,20220703
202,0,0,0,0,0,0,0,20220701,20220701
203,0,0,0,0,0,0,0,20220613,20220805
204,0,0,0,0,0,0,0,20220618,20220730
205,0,0,0,0,0,0,0,20220518,20221210
206,0,0,0,0,0,0,0,20220521,20221210
207,0,0,0,0,0,0,0,20220518,20220612
208,0,0,0,0,0,0,0,20220521,20220612
209,0,0,0,0,0,0,0,20220518,20221209
210,0,0,0,0,0,0,0,20220518,20221209
211,0,0,0,0,0,0,0,20220518,20221209
212,0,0,0,0,0,0,0,20220521,20220528
213,0,0,0,0,0,0,0,20220518,20221209
214,0,0,0,0,0,0,0,20220521,20220612
215,0,0,0,0,0,0,0,20220521,20220604
216,0,0,0,0,0,0,0,20220518,20221209
217,0,0,0,0,0,0,0,20220606,20221210
218,0,0,0,0,0,0,0,20220522,20220529
219,0,0,0,0,0,0,0,20220521,20221210
220,0,0,0,0,0,0,0,20220808,20221209
221,0,0,0,0,0,0,0,20220606,20221210
222,0,0,0,0,0,0,0,20220808,20220819
223,0,0,0,0,0,0,0,20220620,20220621
224,0,0,0,0,0,0,0,20220613,20220623
225,0,0,0,0,0,0,0,20220627,20220805
226,0,0,0,0,0,0,0,20220525,20220525
227,0,0,0,0,0,0,0,20220630,20220630
228,0,0,0,0,0,0,0,20220702,20220702
229,0,0,0,0,0,0,0,20220630,20220703
230,0,0,0,0,0,0,0,20220619,20220623
231,0,0,0,0,0,0,0,20220617,20220805
232,0,0,0,0,0,0,0,20220613,20220805
233,0,0,0,0,0,0,0,20220613,20220630
234,0,0,0,0,0,0,0,20220530,20220602
235,0,0,0,0,0,0,0,20220518,20221210
236,0,0,0,0,0,0,0,20220518,20220703
237,0,0,0,0,0,0,0,20220522,20221204
238,0,0,0,0,0,0,0,20220525,20220526
239,0,0,0,0,0,0,0,20220521,20220612
240,0,0,0,0,0,0,0,20220521,20220612
241,0,0,0,0,0,0,0,20220518,20221210
242,0,0,0,0,0,0,0,20220521,20221210
243,0,0,0,0,0,0,0,20220521,20221210
244,0,0,0,0,0,0,0,20220518,20221209
245,0,0,0,0,0,0,0,20220521,20221210
246,0,0,0,0,0,0,0,20220521,20220612
247,0,0,0,0,0,0,0,20220525,20220601
248,0,0,0,0,0,0,0,20220526,20220526
249,0,0,0,0,0,0,0,20220524,20220524
250,0,0,0,0,0,0,0,20220704,20220706
251,0,0,0,0,0,0,0,20220704,20220805
252,0,0,0,0,0,0,0,20220624,20220624
253,0,0,0,0,0,0,0,20220519,20220623
254,0,0,0,0,0,0,0,20220627,20221209
255,0,0,0,0,0,0,0,20220627,20221209
256,0,0,0,0,0,0,0,20220518,20221209
257,0,0,0,0,0,0,0,20220518,20221210
258,0,0,0,0,0,0,0,20220518,20221208
259,0,0,0,0,0,0,0,20220518,20221208
260,0,0,0,0,0,0,0,20220518,20221209
261,0,0,0,0,0,0,0,20220520,20221210
262,0,0,0,0,0,0,0,20220518,20221210
263,0,0,0,0,0,0,0,20220617,20220805
264,0,0,0,0,0,0,0,20220524,20220706
265,0,0,0,0,0,0,0,20220606,20220621
266,0,0,0,0,0,0,0,20220518,20220609
267,0,0,0,0,0,0,0,20220520,20220618
268,0,0,0,0,0,0,0,20220518,20221209
269,0,0,0,0,0,0,0,20220518,20221209
270,0,0,0,0,0,0,0,20220518,20221209
271,0,0,0,0,0,0,0,20220518,20221210
272,0,0,0,0,0,0,0,20220525,20221210
273,0,0,0,0,0,0,0,20220704,20220714
274,0,0,0,0,0,0,0,20220630,20220701
275,0,0,0,0,0,0,0,20220726,20220804
276,0,0,0,0,0,0,0,20220727,20220729
277,0,0,0,0,0,0,0,20220801,20220804
278,0,0,0,0,0,0,0,20220801,20220805
279,0,0,0,0,0,0,0,20220522,20221204
280,0,0,0,0,0,0,0,20220521,20221210
281,0,0,0,0,0,0,0,20220703,20220703
282,0,0,0,0,0,0,0,20220527,20220609
283,0,0,0,0,0,0,0,20220604,20220612
284,0,0,0,0,0,0,0,20220529,20220612
285,0,0,0,0,0,0,0,20220608,20220611
286,0,0,0,0,0,0,0,20220607,20220611
287,0,0,0,0,0,0,0,20220604,20220612
288,0,0,0,0,0,0,0,20220527,20220605
289,0,0,0,0,0,0,0,20220605,20220612
290,0,0,0,0,0,0,0,20220529,20220612
291,0,0,0,0,0,0,0,20220527,20220612
292,0,0,0,0,0,0,0,20220528,20220605
293,0,0,0,0,0,0,0,20220518,20221209
294,0,0,0,0,0,0,0,20220522,20221204
295,0,0,0,0,0,0,0,20220518,20221210
296,0,0,0,0,0,0,0,20220521,20221210
297,0,0,0,0,0,0,0,20220518,20221210
298,0,0,0,0,0,0,0,20220518,20221208
299,0,0,0,0,0,0,0,20220522,20221204
300,0,0,0,0,0,0,0,20220520,20221210
301,0,0,0,0,0,0,0,20220520,20221210
302,0,0,0,0,0,0,0,20220518,20221210
303,0,0,0,0,0,0,0,20220607,20220607
304,0,0,0,0,0,0,0,20220518,20221210
305,0,0,0,0,0,0,0,20220518,20221210
306,0,0,0,0,0,0,0,20220518,20221210
307,0,0,0,0,0,0,0,20220518,20221210
308,0,0,0,0,0,0,0,20220518,20221208
309,0,0,0,0,0,0,0,20220518,20221210
310,0,0,0,0,0,0,0,20220518,20221210
311,0,0,0,0,0,0,0,20220520,20221210
312,0,0,0,0,0,0,0,20220608,20220609
313,0,0,0,0,0,0,0,20220613,20220805
314,0,0,0,0,0,0,0,20220617,20220805
315,0,0,0,0,0,0,0,20220518,20221210
316,0,0,0,0,0,0,0,20220520,20221210
317,0,0,0,0,0,0,0,20220520,20221210
318,0,0,0,0,0,0,0,20220518,20221210
319,0,0,0,0,0,0,0,20220520,20221210
320,0,0,0,0,0,0,0,20220518,20221208
321,0,0,0,0,0,0,0,20220523,20221208
322,0,0,0,0,0,0,0,20220525,20221208
323,0,0,0,0,0,0,0,20220520,20221210
324,0,0,0,0,0,0,0,20220613,20220804
325,0,0,0,0,0,0,0,20220518,20221210
326,0,0,0,0,0,0,0,20220518,20221210
327,0,0,0,0,0,0,0,20220520,20221210
328,0,0,0,0,0,0,0,20220520,20221210
329,0,0,0,0,0,0,0,20220520,20221210
330,0,0,0,0,0,0,0,20220520,20221210
331,0,0,0,0,0,0,0,20220518,20220805
332,0,0,0,0,0,0,0,20220522,20221204
333,0,0,0,0,0,0,0,20220522,20221204
334,0,0,0,0,0,0,0,20220520,20221210
335,0,0,0,0,0,0,0,20220518,20221210
336,0,0,0,0,0,0,0,20220518,20221208
337,0,0,0,0,0,0,0,20220518,20221210
338,0,0,0,0,0,0,0,20220518,20221210
339,0,0,0,0,0,0,0,20220604,20220611
340,0,0,0,0,0,0,0,20220604,20220611
341,0,0,0,0,0,0,0,20220607,20220609
342,0,0,0,0,0,0,0,20220606,20220609
343,0,0,0,0,0,0,0,20220518,20221208
344,0,0,0,0,0,0,0,20220518,20221210
345,0,0,0,0,0,0,0,20220518,20221208
346,0,0,0,0,0,0,0,20220518,20221210
347,0,0,0,0,0,0,0,20220518,20221210
348,0,0,0,0,0,0,0,20220518,20221210
349,0,0,0,0,0,0,0,20220518,20220610
350,0,0,0,0,0,0,0,20220521,20220606
351,0,0,0,0,0,0,0,20220806,20221210
352,0,0,0,0,0,0,0,20220806,20221210
353,0,0,0,0,0,0,0,20220806,20221210
354,0,0,0,0,0,0,0,20220520,20220610
355,0,0,0,0,0,0,0,20220518,20220612
356,0,0,0,0,0,0,0,20220521,20220612
357,0,0,0,0,0,0,0,20220518,20220612
358,0,0,0,0,0,0,0,20220613,20220805
359,0,0,0,0,0,0,0,20220518,20221208
360,0,0,0,0,0,0,0,20220521,20221210
361,0,0,0,0,0,0,0,20220526,20221210
362,0,0,0,0,0,0,0,20220518,20221210
363,0,0,0,0,0,0,0,20220518,20221210
364,0,0,0,0,0,0,0,20220526,20221210
365,0,0,0,0,0,0,0,20220518,20221210
366,0,0,0,0,0,0,0,20220518,20221210
367,0,0,0,0,0,0,0,20220520,20221210
368,0,0,0,0,0,0,0,20220518,20221210
369,0,0,0,0,0,0,0,20220518,20221208
370,0,0,0,0,0,0,0,20220521,20221210
371,0,0,0,0,0,0,0,20220520,20221210
372,0,0,0,0,0,0,0,20220521,20221210
373,0,0,0,0,0,0,0,20220518,20221210
374,0,0,0,0,0,0,0,20220518,20221210
375,0,0,0,0,0,0,0,20220522,20220527
376,0,0,0,0,0,0,0,20220523,20220601
377,0,0,0,0,0,0,0,20220518,20221210
378,0,0,0,0,0,0,0,20220518,20221210
379,0,0,0,0,0,0,0,20220518,20221208
380,0,0,0,0,0,0,0,20220520,20221210
381,0,0,0,0,0,0,0,20220518,20221210
382,0,0,0,0,0,0,0,20220518,20221210
383,0,0,0,0,0,0,0,20220520,20221210
384,0,0,0,0,0,0,0,20220518,20221208
385,0,0,0,0,0,0,0,20220518,20221208
386,0,0,0,0,0,0,0,20220518,20221210
387,0,0,0,0,0,0,0,20220815,20221209
388,0,0,0,0,0,0,0,20220706,20220707
389,0,0,0,0,0,0,0,20220520,20221210
390,0,0,0,0,0,0,0,20220520,20221210
391,0,0,0,0,0,0,0,20220520,20221210
392,0,0,0,0,0,0,0,20220704,20220707
393,0,0,0,0,0,0,0,20220518,20221210
394,0,0,0,0,0,0,0,20220520,20221210
395,0,0,0,0,0,0,0,20220520,20221210
396,0,0,0,0,0,0,0,20220518,20221210
397,0,0,0,0,0,0,0,20220606,20220614
398,0,0,0,0,0,0,0,20220518,20221209
399,0,0,0,0,0,0,0,20220524,20220621
400,0,0,0,0,0,0,0,20220518,20220808
401,0,0,0,0,0,0,0,20220518,20220808
402,0,0,0,0,0,0,0,20220522,20220619
403,0,0,0,0,0,0,0,20220518,20220808
404,0,0,0,0,0,0,0,20220522,20220620
405,0,0,0,0,0,0,0,20220518,20220808
406,0,0,0,0,0,0,0,20220518,20220808
407,0,0,0,0,0,0,0,20220518,20220808
408,0,0,0,0,0,0,0,20220518,20220808
409,0,0,0,0,0,0,0,20220521,20220806
410,0,0,0,0,0,0,0,20220623,20220806
411,0,0,0,0,0,0,0,20220618,20220731
412,0,0,0,0,0,0,0,20220613,20220805
413,0,0,0,0,0,0,0,20220617,20220805
414,0,0,0,0,0,0,0,20220613,20220805
415,0,0,0,0,0,0,0,20220611,20220805
416,0,0,0,0,0,0,0,20220611,20220805
417,0,0,0,0,0,0,0,20220518,20220707
418,0,0,0,0,0,0,0,20220518,20220707
419,0,0,0,0,0,0,0,20220518,20220621
420,0,0,0,0,0,0,0,20220518,20221209
421,0,0,0,0,0,0,0,20220518,20221209
422,0,0,0,0,0,0,0,20220519,20221208
423,0,0,0,0,0,0,0,20220520,20221210
424,0,0,0,0,0,0,0,20220519,20221208
425,0,0,0,0,0,0,0,20220520,20221209
426,0,0,0,0,0,0,0,20220518,20221210
427,0,0,0,0,0,0,0,20220518,20221209
428,0,0,0,0,0,0,0,20220518,20221207
429,0,0,0,0,0,0,0,20220519,20221209
430,0,0,0,0,0,0,0,20220527,20220529
431,0,0,0,0,0,0,0,20220701,20220703
432,0,0,0,0,0,0,0,20220701,20220702
433,0,0,0,0,0,0,0,20220630,20220706
434,0,0,0,0,0,0,0,20220607,20220614
435,0,0,0,0,0,0,0,20220518,20221207
436,0,0,0,0,0,0,0,20220519,20221208
437,0,0,0,0,0,0,0,20220518,20221209
438,0,0,0,0,0,0,0,20220518,20221210
439,0,0,0,0,0,0,0,20220521,20221210
440,0,0,0,0,0,0,0,20220520,20221209
441,0,0,0,0,0,0,0,20220518,20221208
442,0,0,0,0,0,0,0,20220519,20221210
443,0,0,0,0,0,0,0,20220519,20221210
444,0,0,0,0,0,0,0,20220518,20221209
445,0,0,0,0,0,0,0,20220524,20221206
446,0,0,0,0,0,0,0,20220520,20221209
447,0,0,0,0,0,0,0,20220523,20221205
448,0,0,0,0,0,0,0,20220518,20221210
449,0,0,0,0,0,0,0,20220521,20221210
450,0,0,0,0,0,0,0,20220520,20221209
451,0,0,0,0,0,0,0,20220519,20221209
452,0,0,0,0,0,0,0,20220523,20221206
453,0,0,0,0,0,0,0,20220518,20221209
454,0,0,0,0,0,0,0,20220518,20221207
455,0,0,0,0,0,0,0,20220519,20221209
